-122.13333892822266 39.38333511352539 9.80743217468262
-122.13333892822266 39.29999542236328 8.0851879119873
-122.13333892822266 39.21666717529297 8.31499290466309
-122.13333892822266 39.13333511352539 8.28605556488037
-122.13333892822266 39.04999542236328 8.11937522888184
-122.05000305175781 39.38333511352539 10.7467336654663
-122.05000305175781 39.29999542236328 7.95870161056519
-122.05000305175781 39.21666717529297 7.89382600784302
-122.05000305175781 39.13333511352539 8.26101589202881
-122.05000305175781 39.04999542236328 8.31740951538086
-122.05000305175781 38.96666717529297 8.34956169128418
-121.96665954589844 39.38333511352539 11.0543336868286
-121.96665954589844 39.29999542236328 7.97466897964478
-121.96665954589844 39.21666717529297 7.94473361968994
-121.96665954589844 39.13333511352539 8.18757057189941
-121.96665954589844 39.04999542236328 8.40016555786133
-121.96665954589844 38.96666717529297 8.49609088897705
-121.88333892822266 39.38333511352539 8.30366230010986
-121.88333892822266 39.13333511352539 9.19092559814453
-121.88333892822266 39.04999542236328 9.48279190063477
-121.88333892822266 38.96666717529297 8.40449333190918
-121.88333892822266 38.88333511352539 12.0232229232788
-121.80000305175781 39.38333511352539 8.21078872680664
-121.80000305175781 39.13333511352539 9.25202465057373
-121.80000305175781 39.04999542236328 9.36976051330566
-121.80000305175781 38.96666717529297 9.41421985626221
-121.80000305175781 38.88333511352539 9.39912605285645
-121.80000305175781 38.79999542236328 11.9057950973511
-121.71665954589844 39.38333511352539 8.29754638671875
-121.71665954589844 39.29999542236328 8.30509567260742
-121.71665954589844 39.21666717529297 9.13708591461182
-121.71665954589844 39.13333511352539 9.39826965332031
-121.71665954589844 39.04999542236328 9.17656898498535
-121.71665954589844 38.96666717529297 9.41420841217041
-121.71665954589844 38.88333511352539 9.45555400848389
-121.71665954589844 38.79999542236328 11.8342781066895
-121.63333892822266 39.38333511352539 8.34496974945068
-121.63333892822266 39.29999542236328 8.33800888061523
-121.63333892822266 39.21666717529297 9.09498977661133
-121.63333892822266 39.04999542236328 9.39868354797363
-121.63333892822266 38.96666717529297 9.40831089019775
-121.63333892822266 38.88333511352539 9.42595386505127
-121.63333892822266 38.79999542236328 9.34131717681885
