694.3999328613281 607.3999786376953 1.3821622133255
694.3999328613281 608.4000549316406 1.04449594020844
694.3999328613281 609.3999938964844 1.05391347408295
694.3999328613281 610.3999786376953 1.13834118843079
694.3999328613281 611.4000549316406 1.04472029209137
695.3999633789062 607.3999786376953 1.21617197990417
695.3999633789062 608.4000549316406 1.14515817165375
695.3999633789062 609.3999938964844 1.16238462924957
695.3999633789062 610.3999786376953 1.05792820453644
695.3999633789062 611.4000549316406 1.13046073913574
695.3999633789062 612.3999938964844 0.889866769313812
696.4000854492188 607.3999786376953 1.12066066265106
696.4000854492188 608.4000549316406 1.10986697673798
696.4000854492188 609.3999938964844 1.14570128917694
696.4000854492188 610.3999786376953 1.0271532535553
696.4000854492188 611.4000549316406 1.03296303749084
696.4000854492188 612.3999938964844 0.977767884731293
697.3999328613281 607.3999786376953 0.86480849981308
697.3999328613281 610.3999786376953 1.15559911727905
697.3999328613281 611.4000549316406 1.02711129188538
697.3999328613281 612.3999938964844 1.04697167873383
697.3999328613281 613.3999786376953 1.12437212467194
698.3999633789062 607.3999786376953 1.11266624927521
698.3999633789062 610.3999786376953 1.06692349910736
698.3999633789062 611.4000549316406 1.07322800159454
698.3999633789062 612.3999938964844 1.06974136829376
698.3999633789062 613.3999786376953 1.06570434570312
698.3999633789062 614.4000549316406 1.05592811107635
699.4000854492188 607.3999786376953 0.964668869972229
699.4000854492188 608.4000549316406 1.02326047420502
699.4000854492188 609.3999938964844 1.06995558738708
699.4000854492188 610.3999786376953 1.02944362163544
699.4000854492188 611.4000549316406 1.15212976932526
699.4000854492188 612.3999938964844 1.08517622947693
699.4000854492188 613.3999786376953 1.04172050952911
699.4000854492188 614.4000549316406 1.11854910850525
700.3999328613281 607.3999786376953 0.903007984161377
700.3999328613281 608.4000549316406 0.967590630054474
700.3999328613281 609.3999938964844 0.942282855510712
700.3999328613281 611.4000549316406 0.992523491382599
700.3999328613281 612.3999938964844 1.0805252790451
700.3999328613281 613.3999786376953 1.06797623634338
700.3999328613281 614.4000549316406 1.09475564956665
