-122.13333892822266 39.38333511352539 1.3821622133255
-122.13333892822266 39.29999542236328 1.04449594020844
-122.13333892822266 39.21666717529297 1.05391347408295
-122.13333892822266 39.13333511352539 1.13834118843079
-122.13333892822266 39.04999542236328 1.04472029209137
-122.05000305175781 39.38333511352539 1.21617197990417
-122.05000305175781 39.29999542236328 1.14515817165375
-122.05000305175781 39.21666717529297 1.16238462924957
-122.05000305175781 39.13333511352539 1.05792820453644
-122.05000305175781 39.04999542236328 1.13046073913574
-122.05000305175781 38.96666717529297 0.889866769313812
-121.96665954589844 39.38333511352539 1.12066066265106
-121.96665954589844 39.29999542236328 1.10986697673798
-121.96665954589844 39.21666717529297 1.14570128917694
-121.96665954589844 39.13333511352539 1.0271532535553
-121.96665954589844 39.04999542236328 1.03296303749084
-121.96665954589844 38.96666717529297 0.977767884731293
-121.88333892822266 39.38333511352539 0.86480849981308
-121.88333892822266 39.13333511352539 1.15559911727905
-121.88333892822266 39.04999542236328 1.02711129188538
-121.88333892822266 38.96666717529297 1.04697167873383
-121.88333892822266 38.88333511352539 1.12437212467194
-121.80000305175781 39.38333511352539 1.11266624927521
-121.80000305175781 39.13333511352539 1.06692349910736
-121.80000305175781 39.04999542236328 1.07322800159454
-121.80000305175781 38.96666717529297 1.06974136829376
-121.80000305175781 38.88333511352539 1.06570434570312
-121.80000305175781 38.79999542236328 1.05592811107635
-121.71665954589844 39.38333511352539 0.964668869972229
-121.71665954589844 39.29999542236328 1.02326047420502
-121.71665954589844 39.21666717529297 1.06995558738708
-121.71665954589844 39.13333511352539 1.02944362163544
-121.71665954589844 39.04999542236328 1.15212976932526
-121.71665954589844 38.96666717529297 1.08517622947693
-121.71665954589844 38.88333511352539 1.04172050952911
-121.71665954589844 38.79999542236328 1.11854910850525
-121.63333892822266 39.38333511352539 0.903007984161377
-121.63333892822266 39.29999542236328 0.967590630054474
-121.63333892822266 39.21666717529297 0.942282855510712
-121.63333892822266 39.04999542236328 0.992523491382599
-121.63333892822266 38.96666717529297 1.0805252790451
-121.63333892822266 38.88333511352539 1.06797623634338
-121.63333892822266 38.79999542236328 1.09475564956665
