-122.13333892822266 39.38333511352539 2551
-122.13333892822266 39.29999542236328 2269
-122.13333892822266 39.21666717529297 1996
-122.13333892822266 39.13333511352539 0
-122.13333892822266 39.04999542236328 0
-122.05000305175781 39.38333511352539 2703
-122.05000305175781 39.29999542236328 2489
-122.05000305175781 39.21666717529297 2346
-122.05000305175781 39.13333511352539 529
-122.05000305175781 39.04999542236328 0
-122.05000305175781 38.96666717529297 0
-121.96665954589844 39.38333511352539 2847
-121.96665954589844 39.29999542236328 2533
-121.96665954589844 39.21666717529297 1747
-121.96665954589844 39.13333511352539 1945
-121.96665954589844 39.04999542236328 542
-121.96665954589844 38.96666717529297 0
-121.88333892822266 39.38333511352539 2884
-121.88333892822266 39.13333511352539 1991
-121.88333892822266 39.04999542236328 1823
-121.88333892822266 38.96666717529297 474
-121.88333892822266 38.88333511352539 204
-121.80000305175781 39.38333511352539 2969
-121.80000305175781 39.13333511352539 2009
-121.80000305175781 39.04999542236328 2047
-121.80000305175781 38.96666717529297 1879
-121.80000305175781 38.88333511352539 1712
-121.80000305175781 38.79999542236328 1569
-121.71665954589844 39.38333511352539 3102
-121.71665954589844 39.29999542236328 2869
-121.71665954589844 39.21666717529297 2545
-121.71665954589844 39.13333511352539 2626
-121.71665954589844 39.04999542236328 2434
-121.71665954589844 38.96666717529297 2033
-121.71665954589844 38.88333511352539 1884
-121.71665954589844 38.79999542236328 1623
-121.63333892822266 39.38333511352539 3338
-121.63333892822266 39.29999542236328 3124
-121.63333892822266 39.21666717529297 2871
-121.63333892822266 39.04999542236328 2772
-121.63333892822266 38.96666717529297 2400
-121.63333892822266 38.88333511352539 1967
-121.63333892822266 38.79999542236328 1780
