-122.13333892822266 39.38333511352539 1.30858409404755
-122.13333892822266 39.29999542236328 0.526755094528198
-122.13333892822266 39.21666717529297 0.664394080638885
-122.13333892822266 39.13333511352539 0.590314090251923
-122.13333892822266 39.04999542236328 0.521900177001953
-122.05000305175781 39.38333511352539 2.08759045600891
-122.05000305175781 39.29999542236328 0.579195320606232
-122.05000305175781 39.21666717529297 0.489528954029083
-122.05000305175781 39.13333511352539 0.621214270591736
-122.05000305175781 39.04999542236328 0.654508352279663
-122.05000305175781 38.96666717529297 0.640496611595154
-121.96665954589844 39.38333511352539 2.3710834980011
-121.96665954589844 39.29999542236328 0.519317984580994
-121.96665954589844 39.21666717529297 0.49439200758934
-121.96665954589844 39.13333511352539 0.763738334178925
-121.96665954589844 39.04999542236328 0.775355517864227
-121.96665954589844 38.96666717529297 0.740873157978058
-121.88333892822266 39.38333511352539 0.225323185324669
-121.88333892822266 39.13333511352539 1.22276568412781
-121.88333892822266 39.04999542236328 1.49160957336426
-121.88333892822266 38.96666717529297 0.738884091377258
-121.88333892822266 38.88333511352539 3.16799569129944
-121.80000305175781 39.38333511352539 0.239159435033798
-121.80000305175781 39.13333511352539 1.16315770149231
-121.80000305175781 39.04999542236328 1.35333371162415
-121.80000305175781 38.96666717529297 1.42761552333832
-121.80000305175781 38.88333511352539 1.35056328773499
-121.80000305175781 38.79999542236328 3.16811919212341
-121.71665954589844 39.38333511352539 0.257075071334839
-121.71665954589844 39.29999542236328 0.260573655366898
-121.71665954589844 39.21666717529297 1.01254260540009
-121.71665954589844 39.13333511352539 1.32549440860748
-121.71665954589844 39.04999542236328 1.13278305530548
-121.71665954589844 38.96666717529297 1.39036178588867
-121.71665954589844 38.88333511352539 1.41282451152802
-121.71665954589844 38.79999542236328 3.06870150566101
-121.63333892822266 39.38333511352539 0.248402267694473
-121.63333892822266 39.29999542236328 0.261954873800278
-121.63333892822266 39.21666717529297 0.891043961048126
-121.63333892822266 39.04999542236328 1.26492047309875
-121.63333892822266 38.96666717529297 1.32796323299408
-121.63333892822266 38.88333511352539 1.32727444171906
-121.63333892822266 38.79999542236328 1.22153973579407
