694.3999328613281 607.3999786376953 1.30858409404755
694.3999328613281 608.4000549316406 0.526755094528198
694.3999328613281 609.3999938964844 0.664394080638885
694.3999328613281 610.3999786376953 0.590314090251923
694.3999328613281 611.4000549316406 0.521900177001953
695.3999633789062 607.3999786376953 2.08759045600891
695.3999633789062 608.4000549316406 0.579195320606232
695.3999633789062 609.3999938964844 0.489528954029083
695.3999633789062 610.3999786376953 0.621214270591736
695.3999633789062 611.4000549316406 0.654508352279663
695.3999633789062 612.3999938964844 0.640496611595154
696.4000854492188 607.3999786376953 2.3710834980011
696.4000854492188 608.4000549316406 0.519317984580994
696.4000854492188 609.3999938964844 0.49439200758934
696.4000854492188 610.3999786376953 0.763738334178925
696.4000854492188 611.4000549316406 0.775355517864227
696.4000854492188 612.3999938964844 0.740873157978058
697.3999328613281 607.3999786376953 0.225323185324669
697.3999328613281 610.3999786376953 1.22276568412781
697.3999328613281 611.4000549316406 1.49160957336426
697.3999328613281 612.3999938964844 0.738884091377258
697.3999328613281 613.3999786376953 3.16799569129944
698.3999633789062 607.3999786376953 0.239159435033798
698.3999633789062 610.3999786376953 1.16315770149231
698.3999633789062 611.4000549316406 1.35333371162415
698.3999633789062 612.3999938964844 1.42761552333832
698.3999633789062 613.3999786376953 1.35056328773499
698.3999633789062 614.4000549316406 3.16811919212341
699.4000854492188 607.3999786376953 0.257075071334839
699.4000854492188 608.4000549316406 0.260573655366898
699.4000854492188 609.3999938964844 1.01254260540009
699.4000854492188 610.3999786376953 1.32549440860748
699.4000854492188 611.4000549316406 1.13278305530548
699.4000854492188 612.3999938964844 1.39036178588867
699.4000854492188 613.3999786376953 1.41282451152802
699.4000854492188 614.4000549316406 3.06870150566101
700.3999328613281 607.3999786376953 0.248402267694473
700.3999328613281 608.4000549316406 0.261954873800278
700.3999328613281 609.3999938964844 0.891043961048126
700.3999328613281 611.4000549316406 1.26492047309875
700.3999328613281 612.3999938964844 1.32796323299408
700.3999328613281 613.3999786376953 1.32727444171906
700.3999328613281 614.4000549316406 1.22153973579407
