-122.13333892822266 39.38333511352539 13.5171918869019
-122.13333892822266 39.29999542236328 14.9464778900146
-122.13333892822266 39.21666717529297 15.3895473480225
-122.13333892822266 39.13333511352539 15.3152046203613
-122.13333892822266 39.04999542236328 15.234673500061
-122.05000305175781 39.38333511352539 14.772629737854
-122.05000305175781 39.29999542236328 14.7927408218384
-122.05000305175781 39.21666717529297 14.5165967941284
-122.05000305175781 39.13333511352539 15.2846717834473
-122.05000305175781 39.04999542236328 15.3775987625122
-122.05000305175781 38.96666717529297 15.7511148452759
-121.96665954589844 39.38333511352539 15.106822013855
-121.96665954589844 39.29999542236328 14.7532682418823
-121.96665954589844 39.21666717529297 14.648738861084
-121.96665954589844 39.13333511352539 15.3072395324707
-121.96665954589844 39.04999542236328 15.6374664306641
-121.96665954589844 38.96666717529297 15.7731618881226
-121.88333892822266 39.38333511352539 14.4454193115234
-121.88333892822266 39.13333511352539 14.8956632614136
-121.88333892822266 39.04999542236328 15.3393201828003
-121.88333892822266 38.96666717529297 15.6549091339111
-121.88333892822266 38.88333511352539 15.7870378494263
-121.80000305175781 39.38333511352539 13.7080516815186
-121.80000305175781 39.13333511352539 15.0034351348877
-121.80000305175781 39.04999542236328 15.2053909301758
-121.80000305175781 38.96666717529297 15.2672061920166
-121.80000305175781 38.88333511352539 15.2274255752563
-121.80000305175781 38.79999542236328 15.562424659729
-121.71665954589844 39.38333511352539 14.357759475708
-121.71665954589844 39.29999542236328 14.2538385391235
-121.71665954589844 39.21666717529297 14.8419370651245
-121.71665954589844 39.13333511352539 15.2752027511597
-121.71665954589844 39.04999542236328 14.8836250305176
-121.71665954589844 38.96666717529297 15.2712278366089
-121.71665954589844 38.88333511352539 15.3501081466675
-121.71665954589844 38.79999542236328 15.5402517318726
-121.63333892822266 39.38333511352539 14.3419055938721
-121.63333892822266 39.29999542236328 14.3407640457153
-121.63333892822266 39.21666717529297 14.872031211853
-121.63333892822266 39.04999542236328 15.3083896636963
-121.63333892822266 38.96666717529297 15.3079261779785
-121.63333892822266 38.88333511352539 15.3150987625122
-121.63333892822266 38.79999542236328 15.1505851745605
