-122.13333892822266 39.38333511352539 62.569263458252
-122.13333892822266 39.29999542236328 64.462890625
-122.13333892822266 39.21666717529297 65.1040878295898
-122.13333892822266 39.13333511352539 65.4135818481445
-122.13333892822266 39.04999542236328 66.120719909668
-122.05000305175781 39.38333511352539 63.1330223083496
-122.05000305175781 39.29999542236328 64.6377563476562
-122.05000305175781 39.21666717529297 64.5055465698242
-122.05000305175781 39.13333511352539 65.0763320922852
-122.05000305175781 39.04999542236328 65.5910720825195
-122.05000305175781 38.96666717529297 66.8852462768555
-121.96665954589844 39.38333511352539 63.4562950134277
-121.96665954589844 39.29999542236328 63.9391708374023
-121.96665954589844 39.21666717529297 64.6384963989258
-121.96665954589844 39.13333511352539 65.3581695556641
-121.96665954589844 39.04999542236328 65.3843460083008
-121.96665954589844 38.96666717529297 65.80908203125
-121.88333892822266 39.38333511352539 63.7370719909668
-121.88333892822266 39.13333511352539 65.1548767089844
-121.88333892822266 39.04999542236328 65.5939636230469
-121.88333892822266 38.96666717529297 65.5498275756836
-121.88333892822266 38.88333511352539 65.5607833862305
-121.80000305175781 39.38333511352539 63.6512489318848
-121.80000305175781 39.13333511352539 65.3213424682617
-121.80000305175781 39.04999542236328 65.5855941772461
-121.80000305175781 38.96666717529297 65.7395324707031
-121.80000305175781 38.88333511352539 65.7832260131836
-121.80000305175781 38.79999542236328 66.0735778808594
-121.71665954589844 39.38333511352539 58.3616409301758
-121.71665954589844 39.29999542236328 64.0011978149414
-121.71665954589844 39.21666717529297 63.631950378418
-121.71665954589844 39.13333511352539 64.8445205688477
-121.71665954589844 39.04999542236328 64.6410217285156
-121.71665954589844 38.96666717529297 65.7270355224609
-121.71665954589844 38.88333511352539 65.9268417358398
-121.71665954589844 38.79999542236328 65.8480682373047
-121.63333892822266 39.38333511352539 58.0627212524414
-121.63333892822266 39.29999542236328 63.1601409912109
-121.63333892822266 39.21666717529297 63.3856658935547
-121.63333892822266 39.04999542236328 64.1765060424805
-121.63333892822266 38.96666717529297 64.9620666503906
-121.63333892822266 38.88333511352539 65.1282806396484
-121.63333892822266 38.79999542236328 65.8178024291992
