-122.13333892822266 39.38333511352539 0.365488439798355
-122.13333892822266 39.29999542236328 0.0913384705781937
-122.13333892822266 39.21666717529297 0.114947497844696
-122.13333892822266 39.13333511352539 0.10348305106163
-122.13333892822266 39.04999542236328 0.0914528891444206
-122.05000305175781 39.38333511352539 0.563340127468109
-122.05000305175781 39.29999542236328 0.100461088120937
-122.05000305175781 39.21666717529297 0.0853287726640701
-122.05000305175781 39.13333511352539 0.108931861817837
-122.05000305175781 39.04999542236328 0.112948596477509
-122.05000305175781 38.96666717529297 0.112321682274342
-121.96665954589844 39.38333511352539 0.638729810714722
-121.96665954589844 39.29999542236328 0.0902808085083961
-121.96665954589844 39.21666717529297 0.0860802680253983
-121.96665954589844 39.13333511352539 0.131704777479172
-121.96665954589844 39.04999542236328 0.135726645588875
-121.96665954589844 38.96666717529297 0.129660397768021
-121.88333892822266 39.38333511352539 0.141525834798813
-121.88333892822266 39.13333511352539 0.185403451323509
-121.88333892822266 39.04999542236328 0.224735826253891
-121.88333892822266 38.96666717529297 0.129197865724564
-121.88333892822266 38.88333511352539 0.429482460021973
-121.80000305175781 39.38333511352539 0.159008055925369
-121.80000305175781 39.13333511352539 0.176299005746841
-121.80000305175781 39.04999542236328 0.203718423843384
-121.80000305175781 38.96666717529297 0.214987024664879
-121.80000305175781 38.88333511352539 0.203369319438934
-121.80000305175781 38.79999542236328 0.431521266698837
-121.71665954589844 39.38333511352539 0.167976573109627
-121.71665954589844 39.29999542236328 0.170523166656494
-121.71665954589844 39.21666717529297 0.153538212180138
-121.71665954589844 39.13333511352539 0.199887797236443
-121.71665954589844 39.04999542236328 0.170506104826927
-121.71665954589844 38.96666717529297 0.208607524633408
-121.71665954589844 38.88333511352539 0.211941957473755
-121.71665954589844 38.79999542236328 0.4164197742939
-121.63333892822266 39.38333511352539 0.158340126276016
-121.63333892822266 39.29999542236328 0.166575357317924
-121.63333892822266 39.21666717529297 0
-121.63333892822266 39.04999542236328 0.190297991037369
-121.63333892822266 38.96666717529297 0.199788868427277
-121.63333892822266 38.88333511352539 0.199020177125931
-121.63333892822266 38.79999542236328 0.184187516570091
