694.3999328613281 607.3999786376953 0.365488439798355
694.3999328613281 608.4000549316406 0.0913384705781937
694.3999328613281 609.3999938964844 0.114947497844696
694.3999328613281 610.3999786376953 0.10348305106163
694.3999328613281 611.4000549316406 0.0914528891444206
695.3999633789062 607.3999786376953 0.563340127468109
695.3999633789062 608.4000549316406 0.100461088120937
695.3999633789062 609.3999938964844 0.0853287726640701
695.3999633789062 610.3999786376953 0.108931861817837
695.3999633789062 611.4000549316406 0.112948596477509
695.3999633789062 612.3999938964844 0.112321682274342
696.4000854492188 607.3999786376953 0.638729810714722
696.4000854492188 608.4000549316406 0.0902808085083961
696.4000854492188 609.3999938964844 0.0860802680253983
696.4000854492188 610.3999786376953 0.131704777479172
696.4000854492188 611.4000549316406 0.135726645588875
696.4000854492188 612.3999938964844 0.129660397768021
697.3999328613281 607.3999786376953 0.141525834798813
697.3999328613281 610.3999786376953 0.185403451323509
697.3999328613281 611.4000549316406 0.224735826253891
697.3999328613281 612.3999938964844 0.129197865724564
697.3999328613281 613.3999786376953 0.429482460021973
698.3999633789062 607.3999786376953 0.159008055925369
698.3999633789062 610.3999786376953 0.176299005746841
698.3999633789062 611.4000549316406 0.203718423843384
698.3999633789062 612.3999938964844 0.214987024664879
698.3999633789062 613.3999786376953 0.203369319438934
698.3999633789062 614.4000549316406 0.431521266698837
699.4000854492188 607.3999786376953 0.167976573109627
699.4000854492188 608.4000549316406 0.170523166656494
699.4000854492188 609.3999938964844 0.153538212180138
699.4000854492188 610.3999786376953 0.199887797236443
699.4000854492188 611.4000549316406 0.170506104826927
699.4000854492188 612.3999938964844 0.208607524633408
699.4000854492188 613.3999786376953 0.211941957473755
699.4000854492188 614.4000549316406 0.4164197742939
700.3999328613281 607.3999786376953 0.158340126276016
700.3999328613281 608.4000549316406 0.166575357317924
700.3999328613281 609.3999938964844 0
700.3999328613281 611.4000549316406 0.190297991037369
700.3999328613281 612.3999938964844 0.199788868427277
700.3999328613281 613.3999786376953 0.199020177125931
700.3999328613281 614.4000549316406 0.184187516570091
